-0.200000003  -0.1000000015  0  0  0  0
-0.200000003  -0.09899999946  0  0  0  0
-0.200000003  -0.09799999744  0  0  0  0
-0.200000003  -0.09699999541  0  0  0  0
-0.200000003  -0.09599999338  0  0  0  0
-0.200000003  -0.09499999136  0  0  0  0
-0.200000003  -0.09399998933  0  0  0  0
-0.200000003  -0.0929999873  0  0  0  0
-0.200000003  -0.09199998528  0  0  0  0
-0.200000003  -0.09099998325  0  0  0  0
-0.200000003  -0.08999998122  0  0  0  0
-0.200000003  -0.0889999792  0  0  0  0
-0.200000003  -0.08799997717  0  0  0  0
-0.200000003  -0.08699997514  0  0  0  0
-0.200000003  -0.08599997312  0  0  0  0
-0.200000003  -0.08499997109  0  0  0  0
-0.200000003  -0.08399996907  0  0  0  0
-0.200000003  -0.08299996704  0  0  0  0
-0.200000003  -0.08199996501  0  0  0  0
-0.200000003  -0.08099996299  0  0  0  0
-0.200000003  -0.07999996096  0  0  0  0
-0.200000003  -0.07899995893  0  0  0  0
-0.200000003  -0.07799995691  0  0  0  0
-0.200000003  -0.07699995488  0  0  0  0
-0.200000003  -0.07599995285  0  0  0  0
-0.200000003  -0.07499995083  0  0  0  0
-0.200000003  -0.0739999488  0  0  0  0
-0.200000003  -0.07299994677  0  0  0  0
-0.200000003  -0.07199994475  0  0  0  0
-0.200000003  -0.07099994272  0  0  0  0
-0.200000003  -0.06999994069  0  0  0  0
-0.200000003  -0.06899993867  0  0  0  0
-0.200000003  -0.06799993664  0  0  0  0
-0.200000003  -0.06699993461  0  0  0  0
-0.200000003  -0.06599993259  0  0  0  0
-0.200000003  -0.06499993056  0  0  0  0
-0.200000003  -0.06399992853  0  0  0  0
-0.200000003  -0.06299992651  0  0  0  0
-0.200000003  -0.06199992821  0  0  0  0
-0.200000003  -0.0609999299  0  0  0  0
-0.200000003  -0.0599999316  0  0  0  0
-0.200000003  -0.0589999333  0  0  0  0
-0.200000003  -0.057999935  0  0  0  0
-0.200000003  -0.0569999367  0  0  0  0
-0.200000003  -0.0559999384  0  0  0  0
-0.200000003  -0.0549999401  0  0  0  0
-0.200000003  -0.0539999418  0  0  0  0
-0.200000003  -0.05299994349  0  0  0  0
-0.200000003  -0.05199994519  0  0  0  0
-0.200000003  -0.05099994689  0  0  0  0
-0.200000003  -0.04999994859  0  0  0  0
-0.200000003  -0.04899995029  0  0  0  0
-0.200000003  -0.04799995199  0  0  0  0
-0.200000003  -0.04699995369  0  0  0  0
-0.200000003  -0.04599995539  0  0  0  0
-0.200000003  -0.04499995708  0  0  0  0
-0.200000003  -0.04399995878  0  0  0  0
-0.200000003  -0.04299996048  0  0  0  0
-0.200000003  -0.04199996218  0  0  0  0
-0.200000003  -0.04099996388  0  0  0  0
-0.200000003  -0.03999996558  0  0  0  0
-0.200000003  -0.03899996728  0  0  0  0
-0.200000003  -0.03799996898  0  0  0  0
-0.200000003  -0.03699997067  0  0  0  0
-0.200000003  -0.03599997237  0  0  0  0
-0.200000003  -0.03499997407  0  0  0  0
-0.200000003  -0.03399997577  0  0  0  0
-0.200000003  -0.03299997747  0  0  0  0
-0.200000003  -0.03199997917  0  0  0  0
-0.200000003  -0.030999979  0  0  0  0
-0.200000003  -0.02999997884  0  0  0  0
-0.200000003  -0.02899997868  0  0  0  0
-0.200000003  -0.02799997851  0  0  0  0
-0.200000003  -0.02699997835  0  0  0  0
-0.200000003  -0.02599997818  0  0  0  0
-0.200000003  -0.02499997802  0  0  0  0
-0.200000003  -0.02399997786  0  0  0  0
-0.200000003  -0.02299997769  0  0  0  0
-0.200000003  -0.02199997753  0  0  0  0
-0.200000003  -0.02099997737  0  0  0  0
-0.200000003  -0.0199999772  0  0  0  0
-0.200000003  -0.01899997704  0  0  0  0
-0.200000003  -0.01799997687  0  0  0  0
-0.200000003  -0.01699997671  0  0  0  0
-0.200000003  -0.01599997655  0  0  0  0
-0.200000003  -0.01499997638  0  0  0  0
-0.200000003  -0.01399997622  0  0  0  0
-0.200000003  -0.01299997605  0  0  0  0
-0.200000003  -0.01199997589  0  0  0  0
-0.200000003  -0.01099997573  0  0  0  0
-0.200000003  -0.009999975562  0  0  0  0
-0.200000003  -0.008999975398  0  0  0  0
-0.200000003  -0.007999975234  0  0  0  0
-0.200000003  -0.00699997507  0  0  0  0
-0.200000003  -0.005999974906  0  0  0  0
-0.200000003  -0.004999974743  0  0  0  0
-0.200000003  -0.003999974579  0  0  0  0
-0.200000003  -0.002999974648  0  0  0  0
-0.200000003  -0.001999974716  0  0  0  0
-0.200000003  -0.000999974669  0  0  0  0
-0.200000003  2.533104215e-08  0  0  0  0
-0.200000003  0.00100002531  0  0  0  0
-0.200000003  0.002000025241  0  0  0  0
-0.200000003  0.003000025172  0  0  0  0
-0.200000003  0.004000025336  0  0  0  0
-0.200000003  0.0050000255  0  0  0  0
-0.200000003  0.006000025664  0  0  0  0
-0.200000003  0.007000025827  0  0  0  0
-0.200000003  0.008000025526  0  0  0  0
-0.200000003  0.00900002569  0  0  0  0
-0.200000003  0.01000002585  0  0  0  0
-0.200000003  0.01100002602  0  0  0  0
-0.200000003  0.01200002618  0  0  0  0
-0.200000003  0.01300002635  0  0  0  0
-0.200000003  0.01400002651  0  0  0  0
-0.200000003  0.01500002667  0  0  0  0
-0.200000003  0.01600002684  0  0  0  0
-0.200000003  0.017000027  0  0  0  0
-0.200000003  0.01800002716  0  0  0  0
-0.200000003  0.01900002733  0  0  0  0
-0.200000003  0.02000002749  0  0  0  0
-0.200000003  0.02100002766  0  0  0  0
-0.200000003  0.02200002782  0  0  0  0
-0.200000003  0.02300002798  0  0  0  0
-0.200000003  0.02400002815  0  0  0  0
-0.200000003  0.02500002831  0  0  0  0
-0.200000003  0.02600002848  0  0  0  0
-0.200000003  0.02700002864  0  0  0  0
-0.200000003  0.0280000288  0  0  0  0
-0.200000003  0.02900002897  0  0  0  0
-0.200000003  0.03000002913  0  0  0  0
-0.200000003  0.0310000293  0  0  0  0
-0.200000003  0.0320000276  0  0  0  0
-0.200000003  0.0330000259  0  0  0  0
-0.200000003  0.0340000242  0  0  0  0
-0.200000003  0.0350000225  0  0  0  0
-0.200000003  0.0360000208  0  0  0  0
-0.200000003  0.0370000191  0  0  0  0
-0.200000003  0.0380000174  0  0  0  0
-0.200000003  0.03900001571  0  0  0  0
-0.200000003  0.04000001401  0  0  0  0
-0.200000003  0.04100001231  0  0  0  0
-0.200000003  0.04200001061  0  0  0  0
-0.200000003  0.04300000891  0  0  0  0
-0.200000003  0.04400000721  0  0  0  0
-0.200000003  0.04500000551  0  0  0  0
-0.200000003  0.04600000381  0  0  0  0
-0.200000003  0.04700000212  0  0  0  0
-0.200000003  0.04800000042  0  0  0  0
-0.200000003  0.04899999872  0  0  0  0
-0.200000003  0.04999999702  0  0  0  0
-0.200000003  0.05099999532  0  0  0  0
-0.200000003  0.05199999362  0  0  0  0
-0.200000003  0.05299999192  0  0  0  0
-0.200000003  0.05399999022  0  0  0  0
-0.200000003  0.05499998853  0  0  0  0
-0.200000003  0.05599998683  0  0  0  0
-0.200000003  0.05699998513  0  0  0  0
-0.200000003  0.05799998343  0  0  0  0
-0.200000003  0.05899998173  0  0  0  0
-0.200000003  0.05999998003  0  0  0  0
-0.200000003  0.06099997833  0  0  0  0
-0.200000003  0.06199997663  0  0  0  0
-0.200000003  0.06299997866  0  0  0  0
-0.200000003  0.06399998069  0  0  0  0
-0.200000003  0.06499998271  0  0  0  0
-0.200000003  0.06599998474  0  0  0  0
-0.200000003  0.06699998677  0  0  0  0
-0.200000003  0.06799998879  0  0  0  0
-0.200000003  0.06899999082  0  0  0  0
-0.200000003  0.06999999285  0  0  0  0
-0.200000003  0.07099999487  0  0  0  0
-0.200000003  0.0719999969  0  0  0  0
-0.200000003  0.07299999893  0  0  0  0
-0.200000003  0.07400000095  0  0  0  0
-0.200000003  0.07500000298  0  0  0  0
-0.200000003  0.07600000501  0  0  0  0
-0.200000003  0.07700000703  0  0  0  0
-0.200000003  0.07800000906  0  0  0  0
-0.200000003  0.07900001109  0  0  0  0
-0.200000003  0.08000001311  0  0  0  0
-0.200000003  0.08100001514  0  0  0  0
-0.200000003  0.08200001717  0  0  0  0
-0.200000003  0.08300001919  0  0  0  0
-0.200000003  0.08400002122  0  0  0  0
-0.200000003  0.08500002325  0  0  0  0
-0.200000003  0.08600002527  0  0  0  0
-0.200000003  0.0870000273  0  0  0  0
-0.200000003  0.08800002933  0  0  0  0
-0.200000003  0.08900003135  0  0  0  0
-0.200000003  0.09000003338  0  0  0  0
-0.200000003  0.09100003541  0  0  0  0
-0.200000003  0.09200003743  0  0  0  0
-0.200000003  0.09300003946  0  0  0  0
-0.200000003  0.09400004148  0  0  0  0
-0.200000003  0.09500004351  0  0  0  0
-0.200000003  0.09600004554  0  0  0  0
-0.200000003  0.09700004756  0  0  0  0
-0.200000003  0.09800004959  0  0  0  0
-0.200000003  0.09900005162  0  0  0  0
-0.1899999976  -0.1000000015  0  0  0  0
-0.1899999976  -0.09899999946  0  0  0  0
-0.1899999976  -0.09799999744  0  0  0  0
-0.1899999976  -0.09699999541  0  0  0  0
-0.1899999976  -0.09599999338  0  0  0  0
-0.1899999976  -0.09499999136  0  0  0  0
-0.1899999976  -0.09399998933  0  0  0  0
-0.1899999976  -0.0929999873  0  0  0  0
-0.1899999976  -0.09199998528  0  0  0  0
-0.1899999976  -0.09099998325  0  0  0  0
-0.1899999976  -0.08999998122  0  0  0  0
-0.1899999976  -0.0889999792  0  0  0  0
-0.1899999976  -0.08799997717  0  0  0  0
-0.1899999976  -0.08699997514  0  0  0  0
-0.1899999976  -0.08599997312  0  0  0  0
-0.1899999976  -0.08499997109  0  0  0  0
-0.1899999976  -0.08399996907  0  0  0  0
-0.1899999976  -0.08299996704  0  0  0  0
-0.1899999976  -0.08199996501  0  0  0  0
-0.1899999976  -0.08099996299  0  0  0  0
-0.1899999976  -0.07999996096  0  0  0  0
-0.1899999976  -0.07899995893  0  0  0  0
-0.1899999976  -0.07799995691  0  0  0  0
-0.1899999976  -0.07699995488  0  0  0  0
-0.1899999976  -0.07599995285  0  0  0  0
-0.1899999976  -0.07499995083  0  0  0  0
-0.1899999976  -0.0739999488  0  0  0  0
-0.1899999976  -0.07299994677  0  0  0  0
-0.1899999976  -0.07199994475  0  0  0  0
-0.1899999976  -0.07099994272  0  0  0  0
-0.1899999976  -0.06999994069  0  0  0  0
-0.1899999976  -0.06899993867  0  0  0  0
-0.1899999976  -0.06799993664  0  0  0  0
-0.1899999976  -0.06699993461  0  0  0  0
-0.1899999976  -0.06599993259  0  0  0  0
-0.1899999976  -0.06499993056  0  0  0  0
-0.1899999976  -0.06399992853  0  0  0  0
-0.1899999976  -0.06299992651  0  0  0  0
-0.1899999976  -0.06199992821  0  0  0  0
-0.1899999976  -0.0609999299  0  0  0  0
-0.1899999976  -0.0599999316  0  0  0  0
-0.1899999976  -0.0589999333  0  0  0  0
-0.1899999976  -0.057999935  0  0  0  0
-0.1899999976  -0.0569999367  0  0  0  0
-0.1899999976  -0.0559999384  0  0  0  0
-0.1899999976  -0.0549999401  0  0  0  0
-0.1899999976  -0.0539999418  0  0  0  0
-0.1899999976  -0.05299994349  0  0  0  0
-0.1899999976  -0.05199994519  0  0  0  0
-0.1899999976  -0.05099994689  0  0  0  0
-0.1899999976  -0.04999994859  0  0  0  0
-0.1899999976  -0.04899995029  0  0  0  0
-0.1899999976  -0.04799995199  0  0  0  0
-0.1899999976  -0.04699995369  0  0  0  0
-0.1899999976  -0.04599995539  0  0  0  0
-0.1899999976  -0.04499995708  0  0  0  0
-0.1899999976  -0.04399995878  0  0  0  0
-0.1899999976  -0.04299996048  0  0  0  0
-0.1899999976  -0.04199996218  0  0  0  0
-0.1899999976  -0.04099996388  0  0  0  0
-0.1899999976  -0.03999996558  0  0  0  0
-0.1899999976  -0.03899996728  0  0  0  0
-0.1899999976  -0.03799996898  0  0  0  0
-0.1899999976  -0.03699997067  0  0  0  0
-0.1899999976  -0.03599997237  0  0  0  0
-0.1899999976  -0.03499997407  0  0  0  0
-0.1899999976  -0.03399997577  0  0  0  0
-0.1899999976  -0.03299997747  0  0  0  0
-0.1899999976  -0.03199997917  0  0  0  0
-0.1899999976  -0.030999979  0  0  0  0
-0.1899999976  -0.02999997884  0  0  0  0
-0.1899999976  -0.02899997868  0  0  0  0
-0.1899999976  -0.02799997851  0  0  0  0
-0.1899999976  -0.02699997835  0  0  0  0
-0.1899999976  -0.02599997818  0  0  0  0
-0.1899999976  -0.02499997802  0  0  0  0
-0.1899999976  -0.02399997786  0  0  0  0
-0.1899999976  -0.02299997769  0  0  0  0
-0.1899999976  -0.02199997753  0  0  0  0
-0.1899999976  -0.02099997737  0  0  0  0
-0.1899999976  -0.0199999772  0  0  0  0
-0.1899999976  -0.01899997704  0  0  0  0
-0.1899999976  -0.01799997687  0  0  0  0
-0.1899999976  -0.01699997671  0  0  0  0
-0.1899999976  -0.01599997655  0  0  0  0
-0.1899999976  -0.01499997638  0  0  0  0
-0.1899999976  -0.01399997622  0  0  0  0
-0.1899999976  -0.01299997605  0  0  0  0
-0.1899999976  -0.01199997589  0  0  0  0
-0.1899999976  -0.01099997573  0  0  0  0
-0.1899999976  -0.009999975562  0  0  0  0
-0.1899999976  -0.008999975398  0  0  0  0
-0.1899999976  -0.007999975234  0  0  0  0
-0.1899999976  -0.00699997507  0  0  0  0
-0.1899999976  -0.005999974906  0  0  0  0
-0.1899999976  -0.004999974743  0  0  0  0
-0.1899999976  -0.003999974579  0  0  0  0
-0.1899999976  -0.002999974648  0  0  0  0
-0.1899999976  -0.001999974716  0  0  0  0
-0.1899999976  -0.000999974669  0  0  0  0
-0.1899999976  2.533104215e-08  0  0  0  0
-0.1899999976  0.00100002531  0  0  0  0
-0.1899999976  0.002000025241  0  0  0  0
-0.1899999976  0.003000025172  0  0  0  0
-0.1899999976  0.004000025336  0  0  0  0
-0.1899999976  0.0050000255  0  0  0  0
-0.1899999976  0.006000025664  0  0  0  0
-0.1899999976  0.007000025827  0  0  0  0
-0.1899999976  0.008000025526  0  0  0  0
-0.1899999976  0.00900002569  0  0  0  0
-0.1899999976  0.01000002585  0  0  0  0
-0.1899999976  0.01100002602  0  0  0  0
-0.1899999976  0.01200002618  0  0  0  0
-0.1899999976  0.01300002635  0  0  0  0
-0.1899999976  0.01400002651  0  0  0  0
-0.1899999976  0.01500002667  0  0  0  0
-0.1899999976  0.01600002684  0  0  0  0
-0.1899999976  0.017000027  0  0  0  0
-0.1899999976  0.01800002716  0  0  0  0
-0.1899999976  0.01900002733  0  0  0  0
-0.1899999976  0.02000002749  0  0  0  0
-0.1899999976  0.02100002766  0  0  0  0
-0.1899999976  0.02200002782  0  0  0  0
-0.1899999976  0.02300002798  0  0  0  0
-0.1899999976  0.02400002815  0  0  0  0
-0.1899999976  0.02500002831  0  0  0  0
-0.1899999976  0.02600002848  0  0  0  0
-0.1899999976  0.02700002864  0  0  0  0
-0.1899999976  0.0280000288  0  0  0  0
-0.1899999976  0.02900002897  0  0  0  0
-0.1899999976  0.03000002913  0  0  0  0
-0.1899999976  0.0310000293  0  0  0  0
-0.1899999976  0.0320000276  0  0  0  0
-0.1899999976  0.0330000259  0  0  0  0
-0.1899999976  0.0340000242  0  0  0  0
-0.1899999976  0.0350000225  0  0  0  0
-0.1899999976  0.0360000208  0  0  0  0
-0.1899999976  0.0370000191  0  0  0  0
-0.1899999976  0.0380000174  0  0  0  0
-0.1899999976  0.03900001571  0  0  0  0
-0.1899999976  0.04000001401  0  0  0  0
-0.1899999976  0.04100001231  0  0  0  0
-0.1899999976  0.04200001061  0  0  0  0
-0.1899999976  0.04300000891  0  0  0  0
-0.1899999976  0.04400000721  0  0  0  0
-0.1899999976  0.04500000551  0  0  0  0
-0.1899999976  0.04600000381  0  0  0  0
-0.1899999976  0.04700000212  0  0  0  0
-0.1899999976  0.04800000042  0  0  0  0
-0.1899999976  0.04899999872  0  0  0  0
-0.1899999976  0.04999999702  0  0  0  0
-0.1899999976  0.05099999532  0  0  0  0
-0.1899999976  0.05199999362  0  0  0  0
-0.1899999976  0.05299999192  0  0  0  0
-0.1899999976  0.05399999022  0  0  0  0
-0.1899999976  0.05499998853  0  0  0  0
-0.1899999976  0.05599998683  0  0  0  0
-0.1899999976  0.05699998513  0  0  0  0
-0.1899999976  0.05799998343  0  0  0  0
-0.1899999976  0.05899998173  0  0  0  0
-0.1899999976  0.05999998003  0  0  0  0
-0.1899999976  0.06099997833  0  0  0  0
-0.1899999976  0.06199997663  0  0  0  0
-0.1899999976  0.06299997866  0  0  0  0
-0.1899999976  0.06399998069  0  0  0  0
-0.1899999976  0.06499998271  0  0  0  0
-0.1899999976  0.06599998474  0  0  0  0
-0.1899999976  0.06699998677  0  0  0  0
-0.1899999976  0.06799998879  0  0  0  0
-0.1899999976  0.06899999082  0  0  0  0
-0.1899999976  0.06999999285  0  0  0  0
-0.1899999976  0.07099999487  0  0  0  0
-0.1899999976  0.0719999969  0  0  0  0
-0.1899999976  0.07299999893  0  0  0  0
-0.1899999976  0.07400000095  0  0  0  0
-0.1899999976  0.07500000298  0  0  0  0
-0.1899999976  0.07600000501  0  0  0  0
-0.1899999976  0.07700000703  0  0  0  0
-0.1899999976  0.07800000906  0  0  0  0
-0.1899999976  0.07900001109  0  0  0  0
-0.1899999976  0.08000001311  0  0  0  0
-0.1899999976  0.08100001514  0  0  0  0
-0.1899999976  0.08200001717  0  0  0  0
-0.1899999976  0.08300001919  0  0  0  0
-0.1899999976  0.08400002122  0  0  0  0
-0.1899999976  0.08500002325  0  0  0  0
-0.1899999976  0.08600002527  0  0  0  0
-0.1899999976  0.0870000273  0  0  0  0
-0.1899999976  0.08800002933  0  0  0  0
-0.1899999976  0.08900003135  0  0  0  0
-0.1899999976  0.09000003338  0  0  0  0
-0.1899999976  0.09100003541  0  0  0  0
-0.1899999976  0.09200003743  0  0  0  0
-0.1899999976  0.09300003946  0  0  0  0
-0.1899999976  0.09400004148  0  0  0  0
-0.1899999976  0.09500004351  0  0  0  0
-0.1899999976  0.09600004554  0  0  0  0
-0.1899999976  0.09700004756  0  0  0  0
-0.1899999976  0.09800004959  0  0  0  0
-0.1899999976  0.09900005162  0  0  0  0
-0.1799999923  -0.1000000015  0  0  0  0
-0.1799999923  -0.09899999946  0  0  0  0
-0.1799999923  -0.09799999744  0  0  0  0
-0.1799999923  -0.09699999541  0  0  0  0
-0.1799999923  -0.09599999338  0  0  0  0
-0.1799999923  -0.09499999136  0  0  0  0
-0.1799999923  -0.09399998933  0  0  0  0
-0.1799999923  -0.0929999873  0  0  0  0
-0.1799999923  -0.09199998528  0  0  0  0
-0.1799999923  -0.09099998325  0  0  0  0
-0.1799999923  -0.08999998122  0  0  0  0
-0.1799999923  -0.0889999792  0  0  0  0
-0.1799999923  -0.08799997717  0  0  0  0
-0.1799999923  -0.08699997514  0  0  0  0
-0.1799999923  -0.08599997312  0  0  0  0
-0.1799999923  -0.08499997109  0  0  0  0
-0.1799999923  -0.08399996907  0  0  0  0
-0.1799999923  -0.08299996704  0  0  0  0
-0.1799999923  -0.08199996501  0  0  0  0
-0.1799999923  -0.08099996299  0  0  0  0
-0.1799999923  -0.07999996096  0  0  0  0
-0.1799999923  -0.07899995893  0  0  0  0
-0.1799999923  -0.07799995691  0  0  0  0
-0.1799999923  -0.07699995488  0  0  0  0
-0.1799999923  -0.07599995285  0  0  0  0
-0.1799999923  -0.07499995083  0  0  0  0
-0.1799999923  -0.0739999488  0  0  0  0
-0.1799999923  -0.07299994677  0  0  0  0
-0.1799999923  -0.07199994475  0  0  0  0
-0.1799999923  -0.07099994272  0  0  0  0
-0.1799999923  -0.06999994069  0  0  0  0
-0.1799999923  -0.06899993867  0  0  0  0
-0.1799999923  -0.06799993664  0  0  0  0
-0.1799999923  -0.06699993461  0  0  0  0
-0.1799999923  -0.06599993259  0  0  0  0
-0.1799999923  -0.06499993056  0  0  0  0
-0.1799999923  -0.06399992853  0  0  0  0
-0.1799999923  -0.06299992651  0  0  0  0
-0.1799999923  -0.06199992821  0  0  0  0
-0.1799999923  -0.0609999299  0  0  0  0
-0.1799999923  -0.0599999316  0  0  0  0
-0.1799999923  -0.0589999333  0  0  0  0
-0.1799999923  -0.057999935  0  0  0  0
-0.1799999923  -0.0569999367  0  0  0  0
-0.1799999923  -0.0559999384  0  0  0  0
-0.1799999923  -0.0549999401  0  0  0  0
-0.1799999923  -0.0539999418  0  0  0  0
-0.1799999923  -0.05299994349  0  0  0  0
-0.1799999923  -0.05199994519  0  0  0  0
-0.1799999923  -0.05099994689  0  0  0  0
-0.1799999923  -0.04999994859  0  0  0  0
-0.1799999923  -0.04899995029  0  0  0  0
-0.1799999923  -0.04799995199  0  0  0  0
-0.1799999923  -0.04699995369  0  0  0  0
-0.1799999923  -0.04599995539  0  0  0  0
-0.1799999923  -0.04499995708  0  0  0  0
-0.1799999923  -0.04399995878  0  0  0  0
-0.1799999923  -0.04299996048  0  0  0  0
-0.1799999923  -0.04199996218  0  0  0  0
-0.1799999923  -0.04099996388  0  0  0  0
-0.1799999923  -0.03999996558  0  0  0  0
-0.1799999923  -0.03899996728  0  0  0  0
-0.1799999923  -0.03799996898  0  0  0  0
-0.1799999923  -0.03699997067  0  0  0  0
-0.1799999923  -0.03599997237  0  0  0  0
-0.1799999923  -0.03499997407  0  0  0  0
-0.1799999923  -0.03399997577  0  0  0  0
-0.1799999923  -0.03299997747  0  0  0  0
-0.1799999923  -0.03199997917  0  0  0  0
-0.1799999923  -0.030999979  0  0  0  0
-0.1799999923  -0.02999997884  0  0  0  0
-0.1799999923  -0.02899997868  0  0  0  0
-0.1799999923  -0.02799997851  0  0  0  0
-0.1799999923  -0.02699997835  0  0  0  0
-0.1799999923  -0.02599997818  0  0  0  0
-0.1799999923  -0.02499997802  0  0  0  0
-0.1799999923  -0.02399997786  0  0  0  0
-0.1799999923  -0.02299997769  0  0  0  0
-0.1799999923  -0.02199997753  0  0  0  0
-0.1799999923  -0.02099997737  0  0  0  0
-0.1799999923  -0.0199999772  0  0  0  0
-0.1799999923  -0.01899997704  0  0  0  0
-0.1799999923  -0.01799997687  0  0  0  0
-0.1799999923  -0.01699997671  0  0  0  0
-0.1799999923  -0.01599997655  0  0  0  0
-0.1799999923  -0.01499997638  0  0  0  0
-0.1799999923  -0.01399997622  0  0  0  0
-0.1799999923  -0.01299997605  0  0  0  0
-0.1799999923  -0.01199997589  0  0  0  0
-0.1799999923  -0.01099997573  0  0  0  0
-0.1799999923  -0.009999975562  0  0  0  0
-0.1799999923  -0.008999975398  0  0  0  0
-0.1799999923  -0.007999975234  0  0  0  0
-0.1799999923  -0.00699997507  0  0  0  0
-0.1799999923  -0.005999974906  0  0  0  0
-0.1799999923  -0.004999974743  0  0  0  0
-0.1799999923  -0.003999974579  0  0  0  0
-0.1799999923  -0.002999974648  0  0  0  0
-0.1799999923  -0.001999974716  0  0  0  0
-0.1799999923  -0.000999974669  0  0  0  0
-0.1799999923  2.533104215e-08  0  0  0  0
-0.1799999923  0.00100002531  0  0  0  0
-0.1799999923  0.002000025241  0  0  0  0
-0.1799999923  0.003000025172  0  0  0  0
-0.1799999923  0.004000025336  0  0  0  0
-0.1799999923  0.0050000255  0  0  0  0
-0.1799999923  0.006000025664  0  0  0  0
-0.1799999923  0.007000025827  0  0  0  0
-0.1799999923  0.008000025526  0  0  0  0
-0.1799999923  0.00900002569  0  0  0  0
-0.1799999923  0.01000002585  0  0  0  0
-0.1799999923  0.01100002602  0  0  0  0
-0.1799999923  0.01200002618  0  0  0  0
-0.1799999923  0.01300002635  0  0  0  0
-0.1799999923  0.01400002651  0  0  0  0
-0.1799999923  0.01500002667  0  0  0  0
-0.1799999923  0.01600002684  0  0  0  0
-0.1799999923  0.017000027  0  0  0  0
-0.1799999923  0.01800002716  0  0  0  0
-0.1799999923  0.01900002733  0  0  0  0
-0.1799999923  0.02000002749  0  0  0  0
-0.1799999923  0.02100002766  0  0  0  0
-0.1799999923  0.02200002782  0  0  0  0
-0.1799999923  0.02300002798  0  0  0  0
-0.1799999923  0.02400002815  0  0  0  0
-0.1799999923  0.02500002831  0  0  0  0
-0.1799999923  0.02600002848  0  0  0  0
-0.1799999923  0.02700002864  0  0  0  0
-0.1799999923  0.0280000288  0  0  0  0
-0.1799999923  0.02900002897  0  0  0  0
-0.1799999923  0.03000002913  0  0  0  0
-0.1799999923  0.0310000293  0  0  0  0
-0.1799999923  0.0320000276  0  0  0  0
-0.1799999923  0.0330000259  0  0  0  0
-0.1799999923  0.0340000242  0  0  0  0
-0.1799999923  0.0350000225  0  0  0  0
-0.1799999923  0.0360000208  0  0  0  0
-0.1799999923  0.0370000191  0  0  0  0
-0.1799999923  0.0380000174  0  0  0  0
-0.1799999923  0.03900001571  0  0  0  0
-0.1799999923  0.04000001401  0  0  0  0
-0.1799999923  0.04100001231  0  0  0  0
-0.1799999923  0.04200001061  0  0  0  0
-0.1799999923  0.04300000891  0  0  0  0
-0.1799999923  0.04400000721  0  0  0  0
-0.1799999923  0.04500000551  0  0  0  0
-0.1799999923  0.04600000381  0  0  0  0
-0.1799999923  0.04700000212  0  0  0  0
-0.1799999923  0.04800000042  0  0  0  0
-0.1799999923  0.04899999872  0  0  0  0
-0.1799999923  0.04999999702  0  0  0  0
-0.1799999923  0.05099999532  0  0  0  0
-0.1799999923  0.05199999362  0  0  0  0
-0.1799999923  0.05299999192  0  0  0  0
-0.1799999923  0.05399999022  0  0  0  0
-0.1799999923  0.05499998853  0  0  0  0
-0.1799999923  0.05599998683  0  0  0  0
-0.1799999923  0.05699998513  0  0  0  0
-0.1799999923  0.05799998343  0  0  0  0
-0.1799999923  0.05899998173  0  0  0  0
-0.1799999923  0.05999998003  0  0  0  0
-0.1799999923  0.06099997833  0  0  0  0
-0.1799999923  0.06199997663  0  0  0  0
-0.1799999923  0.06299997866  0  0  0  0
-0.1799999923  0.06399998069  0  0  0  0
-0.1799999923  0.06499998271  0  0  0  0
-0.1799999923  0.06599998474  0  0  0  0
-0.1799999923  0.06699998677  0  0  0  0
-0.1799999923  0.06799998879  0  0  0  0
-0.1799999923  0.06899999082  0  0  0  0
-0.1799999923  0.06999999285  0  0  0  0
-0.1799999923  0.07099999487  0  0  0  0
-0.1799999923  0.0719999969  0  0  0  0
-0.1799999923  0.07299999893  0  0  0  0
-0.1799999923  0.07400000095  0  0  0  0
-0.1799999923  0.07500000298  0  0  0  0
-0.1799999923  0.07600000501  0  0  0  0
-0.1799999923  0.07700000703  0  0  0  0
-0.1799999923  0.07800000906  0  0  0  0
-0.1799999923  0.07900001109  0  0  0  0
-0.1799999923  0.08000001311  0  0  0  0
-0.1799999923  0.08100001514  0  0  0  0
-0.1799999923  0.08200001717  0  0  0  0
-0.1799999923  0.08300001919  0  0  0  0
-0.1799999923  0.08400002122  0  0  0  0
-0.1799999923  0.08500002325  0  0  0  0
-0.1799999923  0.08600002527  0  0  0  0
-0.1799999923  0.0870000273  0  0  0  0
-0.1799999923  0.08800002933  0  0  0  0
-0.1799999923  0.08900003135  0  0  0  0
-0.1799999923  0.09000003338  0  0  0  0
-0.1799999923  0.09100003541  0  0  0  0
-0.1799999923  0.09200003743  0  0  0  0
-0.1799999923  0.09300003946  0  0  0  0
-0.1799999923  0.09400004148  0  0  0  0
-0.1799999923  0.09500004351  0  0  0  0
-0.1799999923  0.09600004554  0  0  0  0
-0.1799999923  0.09700004756  0  0  0  0
-0.1799999923  0.09800004959  0  0  0  0
-0.1799999923  0.09900005162  0  0  0  0
-0.1699999869  -0.1000000015  0  0  0  0
-0.1699999869  -0.09899999946  0  0  0  0
-0.1699999869  -0.09799999744  0  0  0  0
-0.1699999869  -0.09699999541  0  0  0  0
-0.1699999869  -0.09599999338  0  0  0  0
-0.1699999869  -0.09499999136  0  0  0  0
-0.1699999869  -0.09399998933  0  0  0  0
-0.1699999869  -0.0929999873  0  0  0  0
-0.1699999869  -0.09199998528  0  0  0  0
-0.1699999869  -0.09099998325  0  0  0  0
-0.1699999869  -0.08999998122  0  0  0  0
-0.1699999869  -0.0889999792  0  0  0  0
-0.1699999869  -0.08799997717  0  0  0  0
-0.1699999869  -0.08699997514  0  0  0  0
-0.1699999869  -0.08599997312  0  0  0  0
-0.1699999869  -0.08499997109  0  0  0  0
-0.1699999869  -0.08399996907  0  0  0  0
-0.1699999869  -0.08299996704  0  0  0  0
-0.1699999869  -0.08199996501  0  0  0  0
-0.1699999869  -0.08099996299  0  0  0  0
-0.1699999869  -0.07999996096  0  0  0  0
-0.1699999869  -0.07899995893  0  0  0  0
-0.1699999869  -0.07799995691  0  0  0  0
-0.1699999869  -0.07699995488  0  0  0  0
-0.1699999869  -0.07599995285  0  0  0  0
-0.1699999869  -0.07499995083  0  0  0  0
-0.1699999869  -0.0739999488  0  0  0  0
-0.1699999869  -0.07299994677  0  0  0  0
-0.1699999869  -0.07199994475  0  0  0  0
-0.1699999869  -0.07099994272  0  0  0  0
-0.1699999869  -0.06999994069  0  0  0  0
-0.1699999869  -0.06899993867  0  0  0  0
-0.1699999869  -0.06799993664  0  0  0  0
-0.1699999869  -0.06699993461  0  0  0  0
-0.1699999869  -0.06599993259  0  0  0  0
-0.1699999869  -0.06499993056  0  0  0  0
-0.1699999869  -0.06399992853  0  0  0  0
-0.1699999869  -0.06299992651  0  0  0  0
-0.1699999869  -0.06199992821  0  0  0  0
-0.1699999869  -0.0609999299  0  0  0  0
-0.1699999869  -0.0599999316  0  0  0  0
-0.1699999869  -0.0589999333  0  0  0  0
-0.1699999869  -0.057999935  0  0  0  0
-0.1699999869  -0.0569999367  0  0  0  0
-0.1699999869  -0.0559999384  0  0  0  0
-0.1699999869  -0.0549999401  0  0  0  0
-0.1699999869  -0.0539999418  0  0  0  0
-0.1699999869  -0.05299994349  0  0  0  0
-0.1699999869  -0.05199994519  0  0  0  0
-0.1699999869  -0.05099994689  0  0  0  0
-0.1699999869  -0.04999994859  0  0  0  0
-0.1699999869  -0.04899995029  0  0  0  0
-0.1699999869  -0.04799995199  0  0  0  0
-0.1699999869  -0.04699995369  0  0  0  0
-0.1699999869  -0.04599995539  0  0  0  0
-0.1699999869  -0.04499995708  0  0  0  0
-0.1699999869  -0.04399995878  0  0  0  0
-0.1699999869  -0.04299996048  0  0  0  0
-0.1699999869  -0.04199996218  0  0  0  0
-0.1699999869  -0.04099996388  0  0  0  0
-0.1699999869  -0.03999996558  0  0  0  0
-0.1699999869  -0.03899996728  0  0  0  0
-0.1699999869  -0.03799996898  0  0  0  0
-0.1699999869  -0.03699997067  0  0  0  0
-0.1699999869  -0.03599997237  0  0  0  0
-0.1699999869  -0.03499997407  0  0  0  0
-0.1699999869  -0.03399997577  0  0  0  0
-0.1699999869  -0.03299997747  0  0  0  0
-0.1699999869  -0.03199997917  0  0  0  0
-0.1699999869  -0.030999979  0  0  0  0
-0.1699999869  -0.02999997884  0  0  0  0
-0.1699999869  -0.02899997868  0  0  0  0
-0.1699999869  -0.02799997851  0  0  0  0
-0.1699999869  -0.02699997835  0  0  0  0
-0.1699999869  -0.02599997818  0  0  0  0
-0.1699999869  -0.02499997802  0  0  0  0
-0.1699999869  -0.02399997786  0  0  0  0
-0.1699999869  -0.02299997769  0  0  0  0
-0.1699999869  -0.02199997753  0  0  0  0
-0.1699999869  -0.02099997737  0  0  0  0
-0.1699999869  -0.0199999772  0  0  0  0
-0.1699999869  -0.01899997704  0  0  0  0
-0.1699999869  -0.01799997687  0  0  0  0
-0.1699999869  -0.01699997671  0  0  0  0
-0.1699999869  -0.01599997655  0  0  0  0
-0.1699999869  -0.01499997638  0  0  0  0
-0.1699999869  -0.01399997622  0  0  0  0
-0.1699999869  -0.01299997605  0  0  0  0
-0.1699999869  -0.01199997589  0  0  0  0
-0.1699999869  -0.01099997573  0  0  0  0
-0.1699999869  -0.009999975562  0  0  0  0
-0.1699999869  -0.008999975398  0  0  0  0
-0.1699999869  -0.007999975234  0  0  0  0
-0.1699999869  -0.00699997507  0  0  0  0
-0.1699999869  -0.005999974906  0  0  0  0
-0.1699999869  -0.004999974743  0  0  0  0
-0.1699999869  -0.003999974579  0  0  0  0
-0.1699999869  -0.002999974648  0  0  0  0
-0.1699999869  -0.001999974716  0  0  0  0
-0.1699999869  -0.000999974669  0  0  0  0
-0.1699999869  2.533104215e-08  0  0  0  0
-0.1699999869  0.00100002531  0  0  0  0
-0.1699999869  0.002000025241  0  0  0  0
-0.1699999869  0.003000025172  0  0  0  0
-0.1699999869  0.004000025336  0  0  0  0
-0.1699999869  0.0050000255  0  0  0  0
-0.1699999869  0.006000025664  0  0  0  0
-0.1699999869  0.007000025827  0  0  0  0
-0.1699999869  0.008000025526  0  0  0  0
-0.1699999869  0.00900002569  0  0  0  0
-0.1699999869  0.01000002585  0  0  0  0
-0.1699999869  0.01100002602  0  0  0  0
-0.1699999869  0.01200002618  0  0  0  0
-0.1699999869  0.01300002635  0  0  0  0
-0.1699999869  0.01400002651  0  0  0  0
-0.1699999869  0.01500002667  0  0  0  0
-0.1699999869  0.01600002684  0  0  0  0
-0.1699999869  0.017000027  0  0  0  0
-0.1699999869  0.01800002716  0  0  0  0
-0.1699999869  0.01900002733  0  0  0  0
-0.1699999869  0.02000002749  0  0  0  0
-0.1699999869  0.02100002766  0  0  0  0
-0.1699999869  0.02200002782  0  0  0  0
-0.1699999869  0.02300002798  0  0  0  0
-0.1699999869  0.02400002815  0  0  0  0
-0.1699999869  0.02500002831  0  0  0  0
-0.1699999869  0.02600002848  0  0  0  0
-0.1699999869  0.02700002864  0  0  0  0
-0.1699999869  0.0280000288  0  0  0  0
-0.1699999869  0.02900002897  0  0  0  0
-0.1699999869  0.03000002913  0  0  0  0
-0.1699999869  0.0310000293  0  0  0  0
-0.1699999869  0.0320000276  0  0  0  0
-0.1699999869  0.0330000259  0  0  0  0
-0.1699999869  0.0340000242  0  0  0  0
-0.1699999869  0.0350000225  0  0  0  0
-0.1699999869  0.0360000208  0  0  0  0
-0.1699999869  0.0370000191  0  0  0  0
-0.1699999869  0.0380000174  0  0  0  0
-0.1699999869  0.03900001571  0  0  0  0
-0.1699999869  0.04000001401  0  0  0  0
-0.1699999869  0.04100001231  0  0  0  0
-0.1699999869  0.04200001061  0  0  0  0
-0.1699999869  0.04300000891  0  0  0  0
-0.1699999869  0.04400000721  0  0  0  0
-0.1699999869  0.04500000551  0  0  0  0
-0.1699999869  0.04600000381  0  0  0  0
-0.1699999869  0.04700000212  0  0  0  0
-0.1699999869  0.04800000042  0  0  0  0
-0.1699999869  0.04899999872  0  0  0  0
-0.1699999869  0.04999999702  0  0  0  0
-0.1699999869  0.05099999532  0  0  0  0
-0.1699999869  0.05199999362  0  0  0  0
-0.1699999869  0.05299999192  0  0  0  0
-0.1699999869  0.05399999022  0  0  0  0
-0.1699999869  0.05499998853  0  0  0  0
-0.1699999869  0.05599998683  0  0  0  0
-0.1699999869  0.05699998513  0  0  0  0
-0.1699999869  0.05799998343  0  0  0  0
-0.1699999869  0.05899998173  0  0  0  0
-0.1699999869  0.05999998003  0  0  0  0
-0.1699999869  0.06099997833  0  0  0  0
-0.1699999869  0.06199997663  0  0  0  0
-0.1699999869  0.06299997866  0  0  0  0
-0.1699999869  0.06399998069  0  0  0  0
-0.1699999869  0.06499998271  0  0  0  0
-0.1699999869  0.06599998474  0  0  0  0
-0.1699999869  0.06699998677  0  0  0  0
-0.1699999869  0.06799998879  0  0  0  0
-0.1699999869  0.06899999082  0  0  0  0
-0.1699999869  0.06999999285  0  0  0  0
-0.1699999869  0.07099999487  0  0  0  0
-0.1699999869  0.0719999969  0  0  0  0
-0.1699999869  0.07299999893  0  0  0  0
-0.1699999869  0.07400000095  0  0  0  0
-0.1699999869  0.07500000298  0  0  0  0
-0.1699999869  0.07600000501  0  0  0  0
-0.1699999869  0.07700000703  0  0  0  0
-0.1699999869  0.07800000906  0  0  0  0
-0.1699999869  0.07900001109  0  0  0  0
-0.1699999869  0.08000001311  0  0  0  0
-0.1699999869  0.08100001514  0  0  0  0
-0.1699999869  0.08200001717  0  0  0  0
-0.1699999869  0.08300001919  0  0  0  0
-0.1699999869  0.08400002122  0  0  0  0
-0.1699999869  0.08500002325  0  0  0  0
-0.1699999869  0.08600002527  0  0  0  0
-0.1699999869  0.0870000273  0  0  0  0
-0.1699999869  0.08800002933  0  0  0  0
-0.1699999869  0.08900003135  0  0  0  0
-0.1699999869  0.09000003338  0  0  0  0
-0.1699999869  0.09100003541  0  0  0  0
-0.1699999869  0.09200003743  0  0  0  0
-0.1699999869  0.09300003946  0  0  0  0
-0.1699999869  0.09400004148  0  0  0  0
-0.1699999869  0.09500004351  0  0  0  0
-0.1699999869  0.09600004554  0  0  0  0
-0.1699999869  0.09700004756  0  0  0  0
-0.1699999869  0.09800004959  0  0  0  0
-0.1699999869  0.09900005162  0  0  0  0
-0.1599999815  -0.1000000015  0  0  0  0
-0.1599999815  -0.09899999946  0  0  0  0
-0.1599999815  -0.09799999744  0  0  0  0
-0.1599999815  -0.09699999541  0  0  0  0
-0.1599999815  -0.09599999338  0  0  0  0
-0.1599999815  -0.09499999136  0  0  0  0
-0.1599999815  -0.09399998933  0  0  0  0
-0.1599999815  -0.0929999873  0  0  0  0
-0.1599999815  -0.09199998528  0  0  0  0
-0.1599999815  -0.09099998325  0  0  0  0
-0.1599999815  -0.08999998122  0  0  0  0
-0.1599999815  -0.0889999792  0  0  0  0
-0.1599999815  -0.08799997717  0  0  0  0
-0.1599999815  -0.08699997514  0  0  0  0
-0.1599999815  -0.08599997312  0  0  0  0
-0.1599999815  -0.08499997109  0  0  0  0
-0.1599999815  -0.08399996907  0  0  0  0
-0.1599999815  -0.08299996704  0  0  0  0
-0.1599999815  -0.08199996501  0  0  0  0
